4.595298767089843750e-01
4.654702246189117432e-01
4.505195021629333496e-01
4.476934969425201416e-01
4.450291693210601807e-01
4.424459040164947510e-01
4.398779869079589844e-01
4.375202655792236328e-01
4.353505671024322510e-01
4.333142638206481934e-01
4.313871562480926514e-01
4.295585155487060547e-01
4.278655946254730225e-01
4.263004362583160400e-01
4.248248934745788574e-01
4.234300851821899414e-01
4.221034348011016846e-01
4.208364188671112061e-01
4.196277856826782227e-01
4.184924960136413574e-01
4.174093306064605713e-01
4.163699448108673096e-01
4.153676331043243408e-01
4.143998324871063232e-01
4.134637415409088135e-01
4.125555455684661865e-01
4.116721749305725098e-01
4.108134806156158447e-01
4.099772870540618896e-01
4.091612100601196289e-01
4.083628058433532715e-01
4.075801968574523926e-01
4.068173766136169434e-01
4.060705900192260742e-01
4.053374528884887695e-01
4.046182632446289062e-01
4.039108753204345703e-01
4.032144844532012939e-01
4.025282561779022217e-01
4.018524289131164551e-01
4.011878669261932373e-01
4.005338549613952637e-01
3.998886346817016602e-01
3.992511630058288574e-01
3.986214995384216309e-01
3.979994058609008789e-01
3.973841965198516846e-01
3.967784643173217773e-01
3.961804509162902832e-01
3.955889642238616943e-01
1.864690661430358887e+00
1.082725167274475098e+00
9.278337955474853516e-01
8.923588395118713379e-01
8.677236437797546387e-01
8.487855792045593262e-01
8.334819078445434570e-01
8.207465410232543945e-01
8.098905086517333984e-01
8.004634380340576172e-01
7.921577692031860352e-01
7.847515940666198730e-01
7.780829668045043945e-01
7.720376849174499512e-01
7.665163278579711914e-01
7.614408135414123535e-01
7.567547559738159180e-01
7.523959279060363770e-01
7.483187317848205566e-01
7.444915771484375000e-01
7.408822774887084961e-01
7.374672889709472656e-01
7.342247962951660156e-01
7.311493158340454102e-01
7.282170653343200684e-01
7.254062891006469727e-01
7.227081060409545898e-01
7.201085090637207031e-01
7.176010012626647949e-01
7.151801586151123047e-01
7.128673791885375977e-01
7.106480598449707031e-01
7.084918022155761719e-01
7.063911557197570801e-01
7.043434381484985352e-01
7.023432254791259766e-01
7.004838585853576660e-01
6.986695528030395508e-01
6.968981027603149414e-01
6.952350735664367676e-01
6.936035156250000000e-01
6.919965744018554688e-01
6.904095411300659180e-01
6.888415813446044922e-01
6.872913837432861328e-01
6.857725977897644043e-01
6.843024492263793945e-01
6.828541755676269531e-01
6.814206838607788086e-01
6.799963712692260742e-01
6.785840392112731934e-01
6.771800518035888672e-01
6.757832765579223633e-01
6.743922233581542969e-01
6.730061769485473633e-01
6.716353893280029297e-01
6.703072786331176758e-01
6.689841151237487793e-01
6.677549481391906738e-01
6.665426492691040039e-01
6.653419733047485352e-01
6.641417741775512695e-01
6.629439592361450195e-01
6.617520451545715332e-01
6.605644226074218750e-01
6.593853831291198730e-01
6.582098007202148438e-01
6.570329070091247559e-01
6.558544039726257324e-01
6.546771526336669922e-01
6.535056233406066895e-01
6.523438096046447754e-01
6.511814594268798828e-01
6.500153541564941406e-01
6.488513946533203125e-01
6.476876139640808105e-01
6.465185880661010742e-01
6.453498601913452148e-01
6.441780328750610352e-01
6.429996490478515625e-01
6.418231725692749023e-01
6.406451463699340820e-01
6.394627094268798828e-01
6.382765173912048340e-01
6.370851993560791016e-01
6.358835697174072266e-01
6.346762180328369141e-01
6.334591507911682129e-01
6.322364211082458496e-01
6.310034394264221191e-01
6.297593116760253906e-01
6.285039782524108887e-01
6.272426843643188477e-01
6.259697675704956055e-01
6.246902942657470703e-01
6.234493255615234375e-01
6.222390532493591309e-01
6.210187077522277832e-01
6.197867393493652344e-01
6.185473799705505371e-01
6.172971725463867188e-01
6.160371899604797363e-01
6.147711277008056641e-01
6.134998798370361328e-01
6.122344136238098145e-01
6.109724044799804688e-01
6.097123622894287109e-01
6.084469556808471680e-01
6.071727871894836426e-01
6.058938503265380859e-01
6.046054363250732422e-01
6.033266782760620117e-01
6.020466089248657227e-01
6.007685661315917969e-01
5.994845032691955566e-01
5.981868505477905273e-01
5.968852043151855469e-01
5.955803394317626953e-01
5.942962169647216797e-01
5.930069684982299805e-01
5.917099714279174805e-01
5.904081463813781738e-01
5.891437530517578125e-01
5.878689289093017578e-01
5.865883827209472656e-01
5.853052735328674316e-01
5.840799808502197266e-01
5.829163789749145508e-01
5.817946195602416992e-01
5.806745290756225586e-01
5.795711874961853027e-01
5.784938931465148926e-01
5.774292349815368652e-01
5.763791203498840332e-01
5.753456354141235352e-01
5.743708610534667969e-01
5.734098553657531738e-01
5.724534392356872559e-01
5.714995265007019043e-01
5.705478787422180176e-01
5.696118474006652832e-01
5.686998367309570312e-01
5.677921772003173828e-01
5.668868422508239746e-01
5.659869909286499023e-01
5.651034712791442871e-01
5.642474889755249023e-01
5.633972883224487305e-01
5.625469684600830078e-01
5.616953969001770020e-01
